g1	0.989981579	0.814778268	0.821929005	0.82839963	0.850730567	0.799823737	0.788463788	0.842660178	0.798819419	0.813128395	0.810373078	0.818386714	0.778006098	0.792668735	0.74445219	0.805009363	0.739398979	0.766160797	0.783868303	0.771516992	0.842806812	0.855213024	0.856440452	0.817551162	0.803953679	0.809877116	0.806218157	0.800669823	0.818858272	0.813184871	0.802857807	0.822101491	0.83366176	0.842817327	0.871867749	0.868695652	0.801158749	0.786397144	0.815853097	0.746685115	0.801550567	0.817798568	0.840843775	0.847153537	0.797786488	0.841147333	0.738793004	0.739042676	0.778051354	0.748482372	0.792033859	0.791106994	0.75361397	0.770112282	0.785532112	0.813379872	0.824300801	0.863183503	0.79892498	0.789066112	0.809424327	0.81930493	0.804355401	0.808455416	0.811832375	0.802941514	0.81882462	0.84150987	0.725907457	0.711694483	0.725295979	0.776574803	0.784434943
g2	0.814778268	0.958038004	0.861859918	0.841217005	0.90417995	0.813633669	0.774513274	0.86321031	0.829879312	0.858875671	0.840124793	0.827388078	0.810139298	0.829984342	0.800598732	0.827947443	0.748979347	0.761178265	0.742713808	0.744060986	0.821288482	0.87065547	0.84999386	0.768646247	0.776164513	0.767574228	0.768883415	0.766787553	0.825394025	0.8296808	0.840532926	0.760428873	0.793485915	0.768271155	0.812045081	0.812587987	0.788447992	0.766693859	0.853358947	0.788378599	0.797447606	0.849444769	0.826963412	0.82473206	0.773803967	0.861117592	0.72856305	0.772843823	0.782985287	0.767338995	0.775287491	0.775556858	0.758342115	0.761899179	0.772892484	0.832115067	0.808914956	0.817782206	0.802759266	0.792748538	0.841494845	0.831894037	0.807828134	0.808509397	0.83594399	0.824927368	0.814899345	0.831873905	0.717827004	0.703775355	0.702991453	0.74452127	0.755382635
g3	0.821929005	0.861859918	0.961073963	0.858173923	0.904654476	0.802038627	0.787713472	0.855131377	0.81942402	0.854567872	0.83072683	0.855717206	0.809254775	0.835106383	0.807075472	0.842411989	0.770433418	0.781279453	0.758159347	0.768211527	0.822133206	0.886718292	0.845768993	0.779188713	0.792118109	0.788595353	0.773225654	0.788215251	0.826308312	0.816972312	0.817929323	0.786076098	0.806725664	0.778895067	0.818492747	0.812950065	0.798633204	0.769185706	0.829098361	0.767597372	0.813972667	0.862423601	0.850906963	0.840419302	0.792130878	0.846460852	0.718495815	0.759361427	0.814711138	0.786417556	0.774336283	0.776861451	0.744440522	0.759318235	0.777423545	0.84533823	0.802724699	0.847990098	0.828080903	0.790121276	0.839188871	0.828658608	0.811435667	0.79801713	0.826263108	0.799731026	0.826773509	0.852906635	0.711910377	0.691186881	0.712929799	0.746086854	0.751735907
g4	0.82839963	0.841217005	0.858173923	0.963749965	0.880943994	0.80469395	0.796502758	0.853415061	0.798688684	0.832519191	0.828877344	0.836196612	0.799679701	0.826510721	0.78859178	0.821946048	0.751194743	0.756946066	0.770724466	0.75332392	0.851092735	0.886136891	0.871611722	0.792748225	0.805810938	0.798655757	0.795820686	0.798731526	0.816365979	0.80628707	0.799602013	0.77071662	0.804495038	0.788125659	0.81957258	0.830723384	0.807997665	0.779684601	0.806318841	0.761540246	0.780729349	0.844905792	0.815435463	0.848607889	0.802879034	0.8607147	0.73877551	0.743644806	0.797651363	0.764315888	0.79465328	0.798110567	0.756986493	0.768548763	0.791126678	0.84021344	0.800770308	0.840349854	0.815262913	0.805565258	0.821136788	0.828529924	0.812631826	0.790354445	0.848468724	0.800498031	0.815270649	0.853822914	0.738564761	0.712151278	0.730283353	0.759600794	0.76974144
g5	0.850730567	0.90417995	0.904654476	0.880943994	0.990085203	0.851911589	0.814363788	0.89334199	0.877175778	0.908220787	0.868640267	0.857116965	0.820696168	0.86056301	0.824255671	0.864064362	0.797833717	0.80273714	0.778138919	0.791597239	0.873968178	0.913362271	0.907704655	0.815972222	0.82806913	0.813461084	0.818214033	0.813574288	0.883822833	0.867481428	0.874423827	0.785908339	0.828350272	0.799644339	0.841134752	0.839045143	0.832211595	0.791564003	0.879791349	0.829132474	0.838734386	0.892038104	0.875307629	0.868899578	0.825369805	0.889097524	0.762654867	0.81194275	0.839046823	0.813182898	0.80875576	0.816283186	0.780999529	0.799893843	0.81744721	0.868933191	0.829370712	0.856199127	0.860849612	0.812139069	0.868887314	0.862064911	0.826257116	0.847152085	0.880784408	0.861120861	0.857927045	0.861114376	0.739125296	0.705120624	0.722833234	0.770919391	0.778747494
g6	0.799823737	0.813633669	0.802038627	0.80469395	0.851911589	0.954771532	0.920231624	0.8231079	0.783600493	0.835025381	0.833483117	0.773835385	0.773480663	0.778041074	0.741841699	0.794504968	0.752546689	0.754743833	0.743707094	0.757197467	0.817582944	0.832704995	0.83864369	0.79272899	0.786508791	0.776612138	0.788352273	0.759744862	0.803711635	0.807831325	0.792761203	0.764646584	0.781798766	0.78186041	0.810297781	0.807884113	0.785070556	0.78852266	0.818353163	0.754566883	0.805410845	0.788841557	0.802214631	0.825259312	0.798549699	0.817340563	0.729053254	0.755156158	0.789360173	0.778538269	0.773243435	0.775029586	0.797823258	0.770228646	0.775435272	0.786991773	0.811234758	0.799680246	0.81340901	0.777100592	0.830884096	0.810973451	0.776685728	0.820406716	0.811981234	0.820503766	0.847820938	0.797894986	0.775692636	0.743808508	0.749129756	0.761966825	0.744504845
g7	0.788463788	0.774513274	0.787713472	0.796502758	0.814363788	0.920231624	0.962189238	0.783876298	0.76600049	0.799859138	0.81055463	0.766822879	0.756346541	0.763102725	0.712430646	0.765987853	0.734278817	0.750736073	0.749970042	0.758735441	0.801849642	0.803669832	0.810685608	0.785907223	0.78355365	0.770428016	0.777948113	0.763250676	0.779779542	0.794604317	0.767261764	0.755305353	0.795733145	0.786653245	0.809723041	0.816159112	0.778879056	0.796135831	0.786585366	0.73217636	0.782811027	0.772839506	0.785003512	0.822518188	0.804760788	0.810688725	0.745611968	0.741320666	0.785961355	0.762299941	0.759102156	0.766160367	0.771961846	0.765877224	0.761837456	0.771470937	0.785529259	0.786462625	0.804396379	0.768338632	0.797251062	0.77194735	0.786162777	0.791	0.808814735	0.780419253	0.821647419	0.796942975	0.794283698	0.773712737	0.755876387	0.767259661	0.750382128
g8	0.842660178	0.86321031	0.855131377	0.853415061	0.89334199	0.8231079	0.783876298	0.941613994	0.81296409	0.844902007	0.834306755	0.821257198	0.801242651	0.818235141	0.783829737	0.820997872	0.746370726	0.761424889	0.758735838	0.75661157	0.838893506	0.884409229	0.865669812	0.784271369	0.799881727	0.789865261	0.789052459	0.783004552	0.834761681	0.825751277	0.81943467	0.761335677	0.795139704	0.77437375	0.81599953	0.813115908	0.793810808	0.763072086	0.832479926	0.769785847	0.794880785	0.843636789	0.829685681	0.84542917	0.788096071	0.865133877	0.733161532	0.755587893	0.801610802	0.758307801	0.78538786	0.78832885	0.760681765	0.774363169	0.793529136	0.827813789	0.810067979	0.838531895	0.812974868	0.789356725	0.828998243	0.849393374	0.807787319	0.811735941	0.850284495	0.829947766	0.820701754	0.842848803	0.724806656	0.694727592	0.718638843	0.753247513	0.781209856
g9	0.798819419	0.829879312	0.81942402	0.798688684	0.877175778	0.783600493	0.76600049	0.81296409	0.970912982	0.912198068	0.854119974	0.790099626	0.803824757	0.837199837	0.791829031	0.838816597	0.799227318	0.815840622	0.789701696	0.797527237	0.854790973	0.831858943	0.856206238	0.805430961	0.836832413	0.819160584	0.815565809	0.807748272	0.88974359	0.921276334	0.931221114	0.762124711	0.765060976	0.788852379	0.816918576	0.819078947	0.807360622	0.776514693	0.9144959	0.934166063	0.802113703	0.812409025	0.81971763	0.822853688	0.795377541	0.821584302	0.865114022	0.919008564	0.82749293	0.817186544	0.811366679	0.828985683	0.775795096	0.786156273	0.798297872	0.808567931	0.819576333	0.808029731	0.797997573	0.787544009	0.843601607	0.822940677	0.779454901	0.805377256	0.809694129	0.826331039	0.815962498	0.786338267	0.723938694	0.703343465	0.716269354	0.760874848	0.826948721
g10	0.813128395	0.858875671	0.854567872	0.832519191	0.908220787	0.835025381	0.799859138	0.844902007	0.912198068	0.97463546	0.868813131	0.816930776	0.81587703	0.826888139	0.804631898	0.851276621	0.808898962	0.819829797	0.791236195	0.79665493	0.87445402	0.867288961	0.894669432	0.814554536	0.838101966	0.818632598	0.820883347	0.8197769	0.885393521	0.917693036	0.89638273	0.760986129	0.782187464	0.797844929	0.829208499	0.838218122	0.809509918	0.785093815	0.905834009	0.875086785	0.822588153	0.846167268	0.861201111	0.838683509	0.801798144	0.85157065	0.795123938	0.855016219	0.820155771	0.81943467	0.825445856	0.831780056	0.773129291	0.790279395	0.807943163	0.81626188	0.828723156	0.826277117	0.821984662	0.813715217	0.889199581	0.844885638	0.804296921	0.820441347	0.827029902	0.84433526	0.856460445	0.825720595	0.732959851	0.705665888	0.716875295	0.772149685	0.789265339
g11	0.810373078	0.840124793	0.83072683	0.828877344	0.868640267	0.833483117	0.81055463	0.834306755	0.854119974	0.868813131	0.944464811	0.805313759	0.797158185	0.822318143	0.78981458	0.835508637	0.778259183	0.799783962	0.799909607	0.813113918	0.858603395	0.863458133	0.861446583	0.829725282	0.835043612	0.819025817	0.832339508	0.824170256	0.820832803	0.844458763	0.830490134	0.773166391	0.76998088	0.812085248	0.83316359	0.835474434	0.912991128	0.898274124	0.825546155	0.804861111	0.801155116	0.826737697	0.826075981	0.905107188	0.916908152	0.89665826	0.81819332	0.839591734	0.827078782	0.800983272	0.840205532	0.840871658	0.805097641	0.814967627	0.814461812	0.807160241	0.812356979	0.83331215	0.814345457	0.799492063	0.833841076	0.832573744	0.79542267	0.812278256	0.825582893	0.836653638	0.842309158	0.815542596	0.744444444	0.745744411	0.736145043	0.784798883	0.78945367
g12	0.818386714	0.827388078	0.855717206	0.836196612	0.857116965	0.773835385	0.766822879	0.821257198	0.790099626	0.816930776	0.805313759	0.957931874	0.811322034	0.819301033	0.80767389	0.84055522	0.762359276	0.764920901	0.755962521	0.757358263	0.814633261	0.863127827	0.823773064	0.774420826	0.781533438	0.773892216	0.772934132	0.781962516	0.833674083	0.809689214	0.800468356	0.781795362	0.803135472	0.77994228	0.821415738	0.816165008	0.794248053	0.771146057	0.796454913	0.737155799	0.761101137	0.823364374	0.811243308	0.826522102	0.789690107	0.836369048	0.713029433	0.735329198	0.786189785	0.775673401	0.772368421	0.772047385	0.743421053	0.752155689	0.764952655	0.849049796	0.796311819	0.849976082	0.830389114	0.793249701	0.800370902	0.80758209	0.800132164	0.773850746	0.809848024	0.761221574	0.786056828	0.84280597	0.709779746	0.699101796	0.713462705	0.74224458	0.741090648
g13	0.778006098	0.810139298	0.809254775	0.799679701	0.820696168	0.773480663	0.756346541	0.801242651	0.803824757	0.81587703	0.797158185	0.811322034	0.907347026	0.857667916	0.776099452	0.851287583	0.750136687	0.744153414	0.733888438	0.735677784	0.784221173	0.819712498	0.798789818	0.74497805	0.75627361	0.749131248	0.755072077	0.748400427	0.826264931	0.811683896	0.805216575	0.76570016	0.765823632	0.745499731	0.776000535	0.777770334	0.768215912	0.744717608	0.814226886	0.78753654	0.761128191	0.779965296	0.781993355	0.796343085	0.757622154	0.811893042	0.747731519	0.761895268	0.783928089	0.759077461	0.748864547	0.754911132	0.736252002	0.755280749	0.748061497	0.793335125	0.797808366	0.784271767	0.7974	0.786534865	0.787597003	0.801894344	0.764918868	0.76239339	0.786160109	0.765228932	0.779898219	0.78928762	0.730815508	0.710508746	0.71144245	0.717426166	0.741632218
g14	0.792668735	0.829984342	0.835106383	0.826510721	0.86056301	0.778041074	0.763102725	0.818235141	0.837199837	0.826888139	0.822318143	0.819301033	0.857667916	0.92588526	0.782248598	0.834189047	0.758411215	0.755409281	0.751983078	0.744643092	0.805109297	0.849259932	0.82517246	0.758070815	0.778407593	0.773142112	0.768949772	0.772550039	0.824168631	0.821599045	0.843868356	0.765975483	0.802482038	0.764443862	0.791111111	0.789907177	0.77766876	0.749318447	0.839582252	0.818635715	0.779172629	0.816443346	0.795616652	0.812086629	0.773193867	0.82723023	0.776879969	0.796690461	0.807179623	0.760627132	0.755317761	0.761258321	0.745730674	0.765631119	0.76655348	0.817287513	0.767759206	0.788305925	0.799348958	0.771549479	0.794282731	0.81136127	0.788763751	0.777777778	0.815201586	0.792676604	0.786040742	0.811377246	0.71901528	0.702439979	0.706305237	0.726732803	0.761359198
g15	0.74445219	0.800598732	0.807075472	0.78859178	0.824255671	0.741841699	0.712430646	0.783829737	0.791829031	0.804631898	0.78981458	0.80767389	0.776099452	0.782248598	0.954811242	0.851620507	0.749042146	0.740716879	0.73397665	0.733486671	0.780455949	0.811428571	0.805228998	0.743312697	0.765909629	0.756968845	0.760271567	0.760539531	0.77869913	0.782310899	0.780335957	0.718153053	0.720650387	0.731294118	0.749120131	0.765002936	0.756423794	0.729496738	0.789489	0.776400047	0.760958504	0.797557841	0.782897033	0.779641276	0.749912536	0.780415257	0.730395599	0.748310811	0.773949082	0.757245523	0.755655843	0.75415399	0.739041496	0.74874107	0.758523726	0.781957547	0.753402159	0.760724332	0.755873758	0.749473684	0.795499824	0.796460694	0.759849465	0.751836735	0.764656915	0.752822064	0.765240328	0.776902428	0.695384796	0.687595085	0.675867788	0.710060904	0.729069224
g16	0.805009363	0.827947443	0.842411989	0.821946048	0.864064362	0.794504968	0.765987853	0.820997872	0.838816597	0.851276621	0.835508637	0.84055522	0.851287583	0.834189047	0.851620507	0.951460069	0.776163492	0.784144612	0.764461816	0.760642093	0.820277878	0.8539953	0.837684729	0.774189747	0.805482718	0.802940829	0.791459957	0.795486684	0.84986405	0.840456182	0.825082899	0.773940253	0.772183391	0.777105575	0.811228112	0.817143871	0.802648693	0.778489192	0.835365139	0.803112155	0.7858238	0.827951921	0.833470106	0.84187984	0.788628881	0.834567031	0.754956337	0.784547591	0.811602871	0.797409696	0.790204419	0.795186409	0.750943619	0.772061429	0.78320728	0.817700903	0.810601584	0.82132735	0.821327517	0.810479113	0.832782434	0.8270929	0.786874555	0.773096387	0.80604534	0.789276076	0.810897057	0.810631034	0.730542105	0.721848044	0.713670614	0.736189802	0.7662973
g17	0.739398979	0.748979347	0.770433418	0.751194743	0.797833717	0.752546689	0.734278817	0.746370726	0.799227318	0.808898962	0.778259183	0.762359276	0.750136687	0.758411215	0.749042146	0.776163492	0.959148219	0.81954078	0.79899039	0.801894712	0.762052216	0.773552239	0.768315592	0.755071599	0.77407855	0.772270115	0.761291482	0.761358202	0.810859403	0.810008533	0.797501802	0.719753234	0.725990396	0.750692187	0.754024507	0.748527467	0.757975534	0.735960415	0.79545184	0.763991427	0.761779479	0.780805546	0.785204142	0.76129186	0.748180408	0.760348324	0.749671328	0.796785714	0.775845352	0.846708313	0.759995212	0.773450586	0.731586487	0.750538149	0.742843454	0.74611024	0.759348035	0.76010313	0.768508552	0.738228967	0.78707589	0.760835821	0.738161058	0.727375836	0.743703614	0.750267889	0.784944305	0.749790895	0.728022964	0.689182721	0.713896623	0.71674051	0.727354207
g18	0.766160797	0.761178265	0.781279453	0.756946066	0.80273714	0.754743833	0.750736073	0.761424889	0.815840622	0.819829797	0.799783962	0.764920901	0.744153414	0.755409281	0.740716879	0.784144612	0.81954078	0.962534852	0.913678855	0.86781272	0.778410439	0.781683572	0.782081137	0.817404953	0.845351714	0.850390488	0.820095638	0.834380088	0.79463237	0.80881654	0.799086758	0.763520617	0.754042653	0.865166569	0.839488138	0.823722073	0.762933052	0.752555762	0.789394116	0.772368115	0.772435523	0.867843456	0.861973136	0.781511628	0.759515772	0.770445014	0.748569761	0.792334495	0.792514191	0.843357218	0.762865497	0.782666978	0.723960766	0.755693098	0.751110592	0.771685472	0.77136502	0.783058576	0.76755052	0.741510095	0.80404773	0.782849481	0.766514138	0.750669929	0.76023982	0.767073171	0.795832358	0.773299895	0.723067025	0.693586142	0.733774678	0.812630966	0.767859224
g19	0.783868303	0.742713808	0.758159347	0.770724466	0.778138919	0.743707094	0.749970042	0.758735838	0.789701696	0.791236195	0.799909607	0.755962521	0.733888438	0.751983078	0.73397665	0.764461816	0.79899039	0.913678855	0.970312616	0.889810285	0.802857486	0.780868224	0.807320099	0.840556542	0.875224739	0.880588166	0.850794969	0.863490935	0.781018408	0.793101358	0.776597015	0.746315664	0.750059609	0.874434389	0.831487436	0.835738996	0.77297104	0.775213068	0.767531391	0.752635319	0.73864177	0.853174603	0.839619295	0.801409619	0.781383231	0.795995735	0.767838062	0.772023176	0.779742572	0.821885079	0.79148835	0.809102777	0.749613693	0.765206523	0.782350143	0.767069957	0.748213435	0.787788622	0.738310529	0.738081084	0.774720038	0.783230477	0.782538544	0.737416904	0.755534051	0.749378478	0.783007626	0.78528154	0.720861085	0.702654446	0.737029012	0.823365373	0.79107842
g20	0.771516992	0.744060986	0.768211527	0.75332392	0.791597239	0.757197467	0.758735441	0.75661157	0.797527237	0.79665493	0.813113918	0.757358263	0.735677784	0.744643092	0.733486671	0.760642093	0.801894712	0.86781272	0.889810285	0.963946209	0.788709677	0.779429041	0.793834178	0.854540129	0.839294202	0.824221046	0.848324515	0.826983941	0.773989601	0.793800862	0.779364892	0.743642571	0.735645085	0.86081623	0.84982915	0.839995284	0.794838558	0.782629053	0.760018749	0.75544624	0.759649329	0.812536683	0.831989718	0.801570558	0.794710918	0.782687793	0.762092503	0.781030445	0.804956511	0.821157945	0.771211407	0.78046058	0.765400893	0.779974115	0.779623086	0.765528687	0.758815898	0.795861825	0.746705882	0.740562155	0.76998465	0.766627497	0.762943262	0.752114165	0.762109795	0.779175934	0.810151926	0.778463165	0.71638185	0.698998232	0.74032162	0.829714822	0.774424612
g21	0.842806812	0.821288482	0.822133206	0.851092735	0.873968178	0.817582944	0.801849642	0.838893506	0.854790973	0.87445402	0.858603395	0.814633261	0.784221173	0.805109297	0.780455949	0.820277878	0.762052216	0.778410439	0.802857486	0.788709677	0.96903571	0.89521734	0.955701647	0.866639141	0.900633365	0.879651576	0.884319527	0.893286928	0.853802213	0.851726636	0.835907795	0.77071725	0.788203912	0.816991909	0.836697139	0.848430813	0.837014606	0.811225091	0.838167669	0.806406029	0.795433034	0.82393617	0.813147974	0.846199245	0.829085546	0.867208672	0.777988166	0.792910228	0.813017397	0.779871214	0.887613865	0.890031926	0.837433471	0.842388731	0.893000709	0.826946036	0.817369169	0.834678376	0.815182689	0.800864519	0.847813204	0.841022001	0.816579323	0.817376933	0.8376639	0.832842849	0.835865179	0.843029443	0.754036087	0.734927605	0.721981982	0.79162223	0.826929897
g22	0.855213024	0.87065547	0.886718292	0.886136891	0.913362271	0.832704995	0.803669832	0.884409229	0.831858943	0.867288961	0.863458133	0.863127827	0.819712498	0.849259932	0.811428571	0.8539953	0.773552239	0.781683572	0.780868224	0.779429041	0.89521734	0.966002222	0.919661347	0.835846868	0.854772273	0.843666239	0.846762925	0.853139144	0.849456077	0.838957963	0.836038771	0.792360545	0.820500874	0.817878859	0.853938476	0.854285714	0.83898997	0.813484708	0.849947899	0.783862005	0.807593906	0.86784013	0.852369942	0.872161724	0.832792396	0.896424025	0.748923041	0.7828833	0.824257426	0.78163074	0.837194412	0.84635538	0.805151762	0.814230859	0.848361608	0.861937676	0.832964602	0.86651926	0.844867627	0.821486738	0.848165405	0.873927661	0.825237036	0.816357309	0.859699905	0.831041257	0.849965068	0.885538676	0.733916084	0.707186188	0.725486726	0.771747991	0.765154159
g23	0.856440452	0.84999386	0.845768993	0.871611722	0.907704655	0.83864369	0.810685608	0.865669812	0.856206238	0.894669432	0.861446583	0.823773064	0.798789818	0.82517246	0.805228998	0.837684729	0.768315592	0.782081137	0.807320099	0.793834178	0.955701647	0.919661347	0.985945325	0.863714007	0.89232765	0.868869544	0.879479027	0.882352941	0.857545666	0.85706285	0.842137592	0.775073565	0.806776332	0.814159292	0.837693441	0.854187132	0.832433427	0.809280234	0.86068168	0.809236948	0.812606994	0.842073096	0.833252191	0.864073533	0.825243902	0.885486424	0.777553517	0.790051207	0.819697533	0.781782276	0.873989713	0.881418093	0.824281346	0.841206707	0.885273973	0.8340738	0.823727774	0.846172718	0.815879618	0.802019584	0.862689858	0.858661129	0.839660892	0.827865854	0.858333333	0.847126018	0.846517047	0.864246492	0.754080255	0.732348615	0.735724926	0.792222903	0.830279712
g24	0.817551162	0.768646247	0.779188713	0.792748225	0.815972222	0.79272899	0.785907223	0.784271369	0.805430961	0.814554536	0.829725282	0.774420826	0.74497805	0.758070815	0.743312697	0.774189747	0.755071599	0.817404953	0.840556542	0.854540129	0.866639141	0.835846868	0.863714007	0.969430188	0.910481885	0.874753223	0.924309264	0.879114511	0.798315395	0.798151002	0.786799065	0.750611674	0.746556152	0.892965469	0.872129619	0.883902553	0.8125	0.808823529	0.775600139	0.758425014	0.767877941	0.825241027	0.830285847	0.826175276	0.818493151	0.816556368	0.763335663	0.778247769	0.789051439	0.759146341	0.834846369	0.849384294	0.820681237	0.817066077	0.847929751	0.776317334	0.805004666	0.805065951	0.777318748	0.754600512	0.785514019	0.785149436	0.793236602	0.783313953	0.781079801	0.803530093	0.818171215	0.803675273	0.73644631	0.731482562	0.735353177	0.867495064	0.787391052
g25	0.803953679	0.776164513	0.792118109	0.805810938	0.82806913	0.786508791	0.78355365	0.799881727	0.836832413	0.838101966	0.835043612	0.781533438	0.75627361	0.778407593	0.765909629	0.805482718	0.77407855	0.845351714	0.875224739	0.839294202	0.900633365	0.854772273	0.89232765	0.910481885	0.968833396	0.927312258	0.936333764	0.913570843	0.831201895	0.830133205	0.813881991	0.759410029	0.761566678	0.868498818	0.850047304	0.86172723	0.828196954	0.818661353	0.811598452	0.797969722	0.761747344	0.844957145	0.831379674	0.833646286	0.823836936	0.841443347	0.798125663	0.814449918	0.801476718	0.786630254	0.873069214	0.890658049	0.824379922	0.817212535	0.870097751	0.79681748	0.782631828	0.80600899	0.786454653	0.7695934	0.812145222	0.816539141	0.804880938	0.776077231	0.78923445	0.788075976	0.803379416	0.810446355	0.748463357	0.728728433	0.733867113	0.834000235	0.832195811
g26	0.809877116	0.767574228	0.788595353	0.798655757	0.813461084	0.776612138	0.770428016	0.789865261	0.819160584	0.818632598	0.819025817	0.773892216	0.749131248	0.773142112	0.756968845	0.802940829	0.772270115	0.850390488	0.880588166	0.824221046	0.879651576	0.843666239	0.868869544	0.874753223	0.927312258	0.977473787	0.897135871	0.9212086	0.8217845	0.811912971	0.80175644	0.760453165	0.757526063	0.860906217	0.836121184	0.845475773	0.813730084	0.802548883	0.799057263	0.780388508	0.759471469	0.858572925	0.831243469	0.821985568	0.811633057	0.827214452	0.782341942	0.801686047	0.779557815	0.775164628	0.874356876	0.882678634	0.804033574	0.807593458	0.865880705	0.786084295	0.768626992	0.805136305	0.771660439	0.756455193	0.808110955	0.811618692	0.792571294	0.766133738	0.782531194	0.77268497	0.789242655	0.800934579	0.735356015	0.714586748	0.735708368	0.811727675	0.815648321
g27	0.806218157	0.768883415	0.773225654	0.795820686	0.818214033	0.788352273	0.777948113	0.789052459	0.815565809	0.820883347	0.832339508	0.772934132	0.755072077	0.768949772	0.760271567	0.791459957	0.761291482	0.820095638	0.850794969	0.848324515	0.884319527	0.846762925	0.879479027	0.924309264	0.936333764	0.897135871	0.945900238	0.904720482	0.815709261	0.809972726	0.803590223	0.754527398	0.750644632	0.87530691	0.854598711	0.884511981	0.8254061	0.812906599	0.791918254	0.779765362	0.753037383	0.829027002	0.822717253	0.833004067	0.821225154	0.833856894	0.787463557	0.799466172	0.810055536	0.770203505	0.856042032	0.867958566	0.819818245	0.83383809	0.876296469	0.786243822	0.790192172	0.805799649	0.785714286	0.765313266	0.793938685	0.811210815	0.803167155	0.776133318	0.790831455	0.794523727	0.803228825	0.806252187	0.756957437	0.73054452	0.737346263	0.844502618	0.811801676
g28	0.800669823	0.766787553	0.788215251	0.798731526	0.813574288	0.759744862	0.763250676	0.783004552	0.807748272	0.8197769	0.824170256	0.781962516	0.748400427	0.772550039	0.760539531	0.795486684	0.761358202	0.834380088	0.863490935	0.826983941	0.893286928	0.853139144	0.882352941	0.879114511	0.913570843	0.9212086	0.904720482	0.969885931	0.803567251	0.804476551	0.790053638	0.752881593	0.757765063	0.857076242	0.826974682	0.841240238	0.820146819	0.807741264	0.784488755	0.775768116	0.752299988	0.845057365	0.825644583	0.814797634	0.814282402	0.832578923	0.767416123	0.787880542	0.784771334	0.761007397	0.882089205	0.882926829	0.813146577	0.826415533	0.862357591	0.784189538	0.765867914	0.798598949	0.776253053	0.757127895	0.797571795	0.80497443	0.804617183	0.767150319	0.788652482	0.781542732	0.791890315	0.812623503	0.731959365	0.714119156	0.731435644	0.812978872	0.808639108
g29	0.818858272	0.825394025	0.826308312	0.816365979	0.883822833	0.803711635	0.779779542	0.834761681	0.88974359	0.885393521	0.820832803	0.833674083	0.826264931	0.824168631	0.77869913	0.84986405	0.810859403	0.79463237	0.781018408	0.773989601	0.853802213	0.849456077	0.857545666	0.798315395	0.831201895	0.8217845	0.815709261	0.803567251	0.960916153	0.922815996	0.913285647	0.784021586	0.797060553	0.795240339	0.826271186	0.829295543	0.82704735	0.794117647	0.893976465	0.857201071	0.794083187	0.823302108	0.819386088	0.830438331	0.794695022	0.840747227	0.832668856	0.85261194	0.82553722	0.817166824	0.813572268	0.825143661	0.764592124	0.781561364	0.805304542	0.82611262	0.823768082	0.833627071	0.832415651	0.816131678	0.840927775	0.838654971	0.802933899	0.79533497	0.821007503	0.804570896	0.82472108	0.812931539	0.744332198	0.712817199	0.70980975	0.755220554	0.786249269
g30	0.813184871	0.8296808	0.816972312	0.80628707	0.867481428	0.807831325	0.794604317	0.825751277	0.921276334	0.917693036	0.844458763	0.809689214	0.811683896	0.821599045	0.782310899	0.840456182	0.810008533	0.80881654	0.793101358	0.793800862	0.851726636	0.838957963	0.85706285	0.798151002	0.830133205	0.811912971	0.809972726	0.804476551	0.922815996	0.957548447	0.937670018	0.768440432	0.782445477	0.803190856	0.83793925	0.847157945	0.816381156	0.790972468	0.922990808	0.870142908	0.794229399	0.822620739	0.830795562	0.828160038	0.788802268	0.824692235	0.845277646	0.891699092	0.807817198	0.819062425	0.807233941	0.822711058	0.763829535	0.771464197	0.78636039	0.809171244	0.832599119	0.823231722	0.82742471	0.824321119	0.848017621	0.824979263	0.796362552	0.797974414	0.820356755	0.815690204	0.831909846	0.799751244	0.747118241	0.712584832	0.712290839	0.768071217	0.806256665
g31	0.802857807	0.840532926	0.817929323	0.799602013	0.874423827	0.792761203	0.767261764	0.81943467	0.931221114	0.89638273	0.830490134	0.800468356	0.805216575	0.843868356	0.780335957	0.825082899	0.797501802	0.799086758	0.776597015	0.779364892	0.835907795	0.836038771	0.842137592	0.786799065	0.813881991	0.80175644	0.803590223	0.790053638	0.913285647	0.937670018	0.957570863	0.773216374	0.78583167	0.789112051	0.806491372	0.817846262	0.802637749	0.772965421	0.927825482	0.877908329	0.794279364	0.827541978	0.82009074	0.816730747	0.778496503	0.819794585	0.856491761	0.902487215	0.809179317	0.806784661	0.791377893	0.80438093	0.753949678	0.77	0.789248446	0.814847521	0.802971576	0.807231745	0.806753125	0.799333645	0.837847344	0.829731308	0.795943563	0.790747871	0.821173954	0.816428488	0.821896956	0.794678363	0.731360808	0.693978166	0.714633278	0.75251462	0.794543755
g32	0.822101491	0.760428873	0.786076098	0.77071662	0.785908339	0.764646584	0.755305353	0.761335677	0.762124711	0.760986129	0.773166391	0.781795362	0.76570016	0.765975483	0.718153053	0.773940253	0.719753234	0.763520617	0.746315664	0.743642571	0.77071725	0.792360545	0.775073565	0.750611674	0.759410029	0.760453165	0.754527398	0.752881593	0.784021586	0.768440432	0.773216374	0.930003878	0.863466698	0.779150082	0.790935673	0.778830409	0.768070175	0.743837209	0.76068525	0.719131852	0.841909197	0.76840205	0.785100453	0.778294754	0.758115183	0.767093768	0.719630539	0.718266434	0.776589459	0.736210749	0.7287838	0.734342136	0.71849819	0.742291521	0.736515737	0.784631653	0.761141654	0.80809674	0.759939373	0.75623834	0.75830798	0.764421396	0.760670732	0.753319357	0.776744462	0.758498666	0.761662575	0.78411607	0.714394383	0.697953216	0.791243805	0.722280579	0.729509152
g33	0.83366176	0.793485915	0.806725664	0.804495038	0.828350272	0.781798766	0.795733145	0.795139704	0.765060976	0.782187464	0.76998088	0.803135472	0.765823632	0.802482038	0.720650387	0.772183391	0.725990396	0.754042653	0.750059609	0.735645085	0.788203912	0.820500874	0.806776332	0.746556152	0.761566678	0.757526063	0.750644632	0.757765063	0.797060553	0.782445477	0.78583167	0.863466698	0.965126393	0.772882153	0.795419937	0.794100399	0.750439883	0.752038202	0.793874461	0.720603659	0.825262544	0.790445041	0.781017225	0.795475746	0.760471357	0.809329446	0.724545987	0.721457726	0.777632982	0.755925009	0.738209761	0.739864073	0.714427802	0.75714453	0.744082494	0.803131991	0.770218003	0.803933045	0.80471577	0.770467836	0.770038728	0.773189252	0.79472693	0.75201354	0.838954869	0.768139535	0.787530763	0.81390056	0.731747334	0.697726207	0.770621	0.730471952	0.753624036
g34	0.842817327	0.768271155	0.778895067	0.788125659	0.799644339	0.78186041	0.786653245	0.77437375	0.788852379	0.797844929	0.812085248	0.77994228	0.745499731	0.764443862	0.731294118	0.777105575	0.750692187	0.865166569	0.874434389	0.86081623	0.816991909	0.817878859	0.814159292	0.892965469	0.868498818	0.860906217	0.87530691	0.857076242	0.795240339	0.803190856	0.789112051	0.779150082	0.772882153	0.970190426	0.91783955	0.919173592	0.78985932	0.799394222	0.785322919	0.747109658	0.768472906	0.86276794	0.886888863	0.819603267	0.808990076	0.796831151	0.746711299	0.753326331	0.784229901	0.753546099	0.778646139	0.794551845	0.756151863	0.778148799	0.787852113	0.792688679	0.811890495	0.817797605	0.775	0.764781641	0.784983537	0.791325217	0.799635165	0.779583723	0.776282891	0.791817018	0.809593706	0.820731565	0.727667567	0.719391947	0.749436336	0.877568893	0.761060393
g35	0.871867749	0.812045081	0.818492747	0.81957258	0.841134752	0.810297781	0.809723041	0.81599953	0.816918576	0.829208499	0.83316359	0.821415738	0.776000535	0.791111111	0.749120131	0.811228112	0.754024507	0.839488138	0.831487436	0.84982915	0.836697139	0.853938476	0.837693441	0.872129619	0.850047304	0.836121184	0.854598711	0.826974682	0.826271186	0.83793925	0.806491372	0.790935673	0.795419937	0.91783955	0.963994952	0.927961142	0.825811745	0.819340941	0.820393435	0.765357268	0.7889618	0.84764349	0.8754649	0.853887399	0.815614424	0.837785814	0.751259815	0.768804665	0.803541815	0.769430357	0.786384977	0.799918071	0.780189562	0.781293952	0.794958968	0.821134385	0.841039448	0.859440805	0.811623012	0.802876184	0.810330675	0.818351623	0.803693249	0.809373539	0.799916756	0.812623734	0.83546008	0.835026863	0.729401408	0.725082083	0.72851377	0.839262727	0.773993446
g36	0.868695652	0.812587987	0.812950065	0.830723384	0.839045143	0.807884113	0.816159112	0.813115908	0.819078947	0.838218122	0.835474434	0.816165008	0.777770334	0.789907177	0.765002936	0.817143871	0.748527467	0.823722073	0.835738996	0.839995284	0.848430813	0.854285714	0.854187132	0.883902553	0.86172723	0.845475773	0.884511981	0.841240238	0.829295543	0.847157945	0.817846262	0.778830409	0.794100399	0.919173592	0.927961142	0.968213378	0.834524367	0.826938728	0.828003256	0.763556851	0.773541813	0.861761622	0.863541304	0.844168706	0.821815639	0.843633396	0.767440497	0.77141858	0.803459306	0.755868822	0.796489786	0.815373815	0.777472527	0.784543326	0.801137696	0.819128899	0.84616737	0.851680525	0.814747781	0.806645644	0.809244486	0.816431322	0.82418938	0.798540572	0.818889681	0.815688553	0.837040506	0.841611286	0.737587822	0.723349361	0.732189504	0.843082312	0.781871345
g37	0.801158749	0.788447992	0.798633204	0.807997665	0.832211595	0.785070556	0.778879056	0.793810808	0.807360622	0.809509918	0.912991128	0.794248053	0.768215912	0.77766876	0.756423794	0.802648693	0.757975534	0.762933052	0.77297104	0.794838558	0.837014606	0.83898997	0.832433427	0.8125	0.828196954	0.813730084	0.8254061	0.820146819	0.82704735	0.816381156	0.802637749	0.768070175	0.750439883	0.78985932	0.825811745	0.834524367	0.95730951	0.927702468	0.782479627	0.762609202	0.764551192	0.802541089	0.787972109	0.863055846	0.903819364	0.8712641	0.809865733	0.818366872	0.79115421	0.769217166	0.852215597	0.853356684	0.807189542	0.797474275	0.815278428	0.797117647	0.791485868	0.828844127	0.806924334	0.790367776	0.785404709	0.796077974	0.785353535	0.774927114	0.797924081	0.798966678	0.813837876	0.785014577	0.737141183	0.730215406	0.706659557	0.761153936	0.759546888
g38	0.786397144	0.766693859	0.769185706	0.779684601	0.791564003	0.78852266	0.796135831	0.763072086	0.776514693	0.785093815	0.898274124	0.771146057	0.744717608	0.749318447	0.729496738	0.778489192	0.735960415	0.752555762	0.775213068	0.782629053	0.811225091	0.813484708	0.809280234	0.808823529	0.818661353	0.802548883	0.812906599	0.807741264	0.794117647	0.790972468	0.772965421	0.743837209	0.752038202	0.799394222	0.819340941	0.826938728	0.927702468	0.972444587	0.765534766	0.746616541	0.748953975	0.765847723	0.768480018	0.86634349	0.9314414	0.86566474	0.809117305	0.808140878	0.771092832	0.755655843	0.835773208	0.831051288	0.793261424	0.781979784	0.793919312	0.775914456	0.775215467	0.814194299	0.770818836	0.771229698	0.760393618	0.779490151	0.778698087	0.756286939	0.76918543	0.762745098	0.786171203	0.777108434	0.733147049	0.735663604	0.712738404	0.759837493	0.751769347
g39	0.815853097	0.853358947	0.829098361	0.806318841	0.879791349	0.818353163	0.786585366	0.832479926	0.9144959	0.905834009	0.825546155	0.796454913	0.814226886	0.839582252	0.789489	0.835365139	0.79545184	0.789394116	0.767531391	0.760018749	0.838167669	0.849947899	0.86068168	0.775600139	0.811598452	0.799057263	0.791918254	0.784488755	0.893976465	0.922990808	0.927825482	0.76068525	0.793874461	0.785322919	0.820393435	0.828003256	0.782479627	0.765534766	0.968250872	0.873458569	0.7996633	0.823028829	0.830947709	0.808651958	0.764624277	0.824369651	0.820512821	0.874870197	0.805104681	0.798091558	0.794083392	0.801928439	0.759282896	0.760102183	0.784891835	0.808380084	0.825247237	0.806254368	0.814404914	0.804791739	0.85541468	0.833545697	0.797073569	0.807910258	0.812131573	0.821902017	0.824384007	0.807161896	0.733558375	0.69765007	0.704061212	0.742999884	0.79128467
g40	0.746685115	0.788378599	0.767597372	0.761540246	0.829132474	0.754566883	0.73217636	0.769785847	0.934166063	0.875086785	0.804861111	0.737155799	0.78753654	0.818635715	0.776400047	0.803112155	0.763991427	0.772368115	0.752635319	0.75544624	0.806406029	0.783862005	0.809236948	0.758425014	0.797969722	0.780388508	0.779765362	0.775768116	0.857201071	0.870142908	0.877908329	0.719131852	0.720603659	0.747109658	0.765357268	0.763556851	0.762609202	0.746616541	0.873458569	0.964852618	0.763325978	0.764470479	0.767826187	0.784913295	0.768028707	0.786061307	0.868973111	0.884424718	0.82068925	0.782006314	0.781794931	0.793059424	0.748259053	0.757051654	0.767537747	0.769897004	0.77248893	0.752794597	0.75502498	0.765505226	0.809437915	0.820050967	0.742580042	0.765921723	0.762505899	0.785268991	0.774456206	0.750580181	0.70919139	0.694693355	0.677520019	0.716635666	0.791425261
g41	0.801550567	0.797447606	0.813972667	0.780729349	0.838734386	0.805410845	0.782811027	0.794880785	0.802113703	0.822588153	0.801155116	0.761101137	0.761128191	0.779172629	0.760958504	0.7858238	0.761779479	0.772435523	0.73864177	0.759649329	0.795433034	0.807593906	0.812606994	0.767877941	0.761747344	0.759471469	0.753037383	0.752299988	0.794083187	0.794229399	0.794279364	0.841909197	0.825262544	0.768472906	0.7889618	0.773541813	0.764551192	0.748953975	0.7996633	0.763325978	0.926187639	0.798159795	0.799512422	0.78536557	0.768671475	0.775354734	0.723189252	0.759869949	0.803415268	0.774858956	0.747340115	0.748627817	0.74792858	0.766954593	0.755872385	0.782549941	0.784887121	0.796395975	0.781942178	0.743758749	0.82199626	0.788692209	0.762580645	0.803488372	0.792786924	0.803409882	0.808128655	0.784757802	0.717719298	0.706360341	0.792183257	0.739985986	0.733644315
g42	0.817798568	0.849444769	0.862423601	0.844905792	0.892038104	0.788841557	0.772839506	0.843636789	0.812409025	0.846167268	0.826737697	0.823364374	0.779965296	0.816443346	0.797557841	0.827951921	0.780805546	0.867843456	0.853174603	0.812536683	0.82393617	0.86784013	0.842073096	0.825241027	0.844957145	0.858572925	0.829027002	0.845057365	0.823302108	0.822620739	0.827541978	0.76840205	0.790445041	0.86276794	0.84764349	0.861761622	0.802541089	0.765847723	0.823028829	0.764470479	0.798159795	0.969961261	0.899930668	0.824266326	0.776740139	0.834493965	0.724300699	0.768231884	0.794835515	0.779612221	0.782720374	0.794141626	0.744061481	0.752359315	0.776754488	0.837885359	0.789421391	0.831758255	0.816083265	0.793327909	0.831505251	0.821922585	0.818165867	0.787605994	0.827796169	0.793726126	0.819582215	0.83758997	0.713568426	0.692190965	0.717293854	0.814481477	0.761112404
g43	0.840843775	0.826963412	0.850906963	0.815435463	0.875307629	0.802214631	0.785003512	0.829685681	0.81971763	0.861201111	0.826075981	0.811243308	0.781993355	0.795616652	0.782897033	0.833470106	0.785204142	0.861973136	0.839619295	0.831989718	0.813147974	0.852369942	0.833252191	0.830285847	0.831379674	0.831243469	0.822717253	0.825644583	0.819386088	0.830795562	0.82009074	0.785100453	0.781017225	0.886888863	0.8754649	0.863541304	0.787972109	0.768480018	0.830947709	0.767826187	0.799512422	0.899930668	0.965100658	0.837375837	0.778947368	0.813555401	0.733039033	0.770395193	0.805633968	0.784619883	0.764736659	0.776972158	0.743735499	0.751740947	0.77569388	0.818818585	0.812056738	0.844417363	0.80945758	0.789376015	0.834418226	0.821990741	0.804312354	0.800740569	0.795095496	0.808024905	0.82515694	0.830805742	0.716992097	0.693255814	0.732180663	0.81239861	0.747274414
g44	0.847153537	0.82473206	0.840419302	0.848607889	0.868899578	0.825259312	0.822518188	0.84542917	0.822853688	0.838683509	0.905107188	0.826522102	0.796343085	0.812086629	0.779641276	0.84187984	0.76129186	0.781511628	0.801409619	0.801570558	0.846199245	0.872161724	0.864073533	0.826175276	0.833646286	0.821985568	0.833004067	0.814797634	0.830438331	0.828160038	0.816730747	0.778294754	0.795475746	0.819603267	0.853887399	0.844168706	0.863055846	0.86634349	0.808651958	0.784913295	0.78536557	0.824266326	0.837375837	0.964458053	0.903173687	0.911577975	0.817934153	0.803627123	0.828788057	0.784903452	0.812107101	0.813814337	0.789766794	0.80616868	0.812841689	0.813654431	0.812172394	0.851321458	0.800092872	0.792750929	0.825634163	0.84324293	0.815104471	0.81062623	0.836515794	0.806032991	0.831281217	0.845382922	0.751716913	0.734318631	0.738367299	0.782161534	0.785457497
g45	0.797786488	0.773803967	0.792130878	0.802879034	0.825369805	0.798549699	0.804760788	0.788096071	0.795377541	0.801798144	0.916908152	0.789690107	0.757622154	0.773193867	0.749912536	0.788628881	0.748180408	0.759515772	0.781383231	0.794710918	0.829085546	0.832792396	0.825243902	0.818493151	0.823836936	0.811633057	0.821225154	0.814282402	0.794695022	0.788802268	0.778496503	0.758115183	0.760471357	0.808990076	0.815614424	0.821815639	0.903819364	0.9314414	0.764624277	0.768028707	0.768671475	0.776740139	0.778947368	0.903173687	0.982312009	0.877671249	0.817711963	0.810803004	0.789963482	0.766002345	0.812761993	0.810821806	0.794834591	0.804135688	0.803829143	0.78550521	0.783214744	0.812470862	0.776506794	0.761559015	0.777803684	0.793233519	0.777031761	0.786326767	0.790826553	0.790676206	0.796811358	0.809212051	0.740186372	0.732797765	0.726742817	0.767755434	0.75429334
